quick-find

0 1 2 3 4 5 6 7 8 9
0 1 2 3 4 5 6 7 8 9 
union(9,0)
0 1 2 3 4 5 6 7 8 9
0 1 2 3 4 5 6 7 8 0
union(3,4)
0 1 2 3 4 5 6 7 8 9
0 1 2 4 4 5 6 7 8 0
union(5,8)
0 1 2 3 4 5 6 7 8 9
0 1 2 4 4 8 6 7 8 0
union(7,2)
0 1 2 3 4 5 6 7 8 9
0 1 2 4 4 8 6 2 8 0
union(2,1)
0 1 2 3 4 5 6 7 8 9
0 1 1 4 4 8 6 1 8 0
union(5,7)
0 1 2 3 4 5 6 7 8 9
0 1 1 4 4 1 6 1 1 0
union(0,3)
0 1 2 3 4 5 6 7 8 9
4 1 1 4 4 1 6 1 1 4  
union(4,2)
0 1 2 3 4 5 6 7 8 9
1 1 1 1 1 1 6 1 1 1

quick-union

0 1 2 3 4 5 6 7 8 9
0 1 2 3 4 5 6 7 8 9
union(9,0)
0 1 2 3 4 5 6 7 8 9
0 1 2 3 4 5 6 7 8 0
union(3,4)
0 1 2 3 4 5 6 7 8 9
0 1 2 3 3 5 6 7 8 0
union(5,8)
0 1 2 3 4 5 6 7 8 9
0 1 2 3 3 5 6 7 5 0
union(7,2)
0 1 2 3 4 5 6 7 8 9
0 1 2 3 3 5 6 2 5 0
union(2,1)
0 1 2 3 4 5 6 7 8 9
0 1 1 3 3 5 6 2 5 0
union(5,7)
0 1 2 3 4 5 6 7 8 9
0 1 1 4 4 8 6 2 1 0
union(0,3)
0 1 2 3 4 5 6 7 8 9
4 1 1 4 4 8 6 2 1 0
union(4,2)
0 1 2 3 4 5 6 7 8 9
4 1 1 4 1 8 6 2 1 0

weighted quick-union

0 1 2 3 4 5 6 7 8 9
0 1 2 3 4 5 6 7 8 9
union(9,0)
0 1 2 3 4 5 6 7 8 9
0 1 2 3 4 5 6 7 8 0
union(3,4)
0 1 2 3 4 5 6 7 8 9
0 1 2 4 4 5 6 7 8 0
union(5,8)
0 1 2 3 4 5 6 7 8 9
0 1 2 4 4 8 6 7 8 0
union(7,2)
0 1 2 3 4 5 6 7 8 9
0 1 2 4 4 8 6 2 8 0
union(2,1)
0 1 2 3 4 5 6 7 8 9
0 2 2 4 4 8 6 2 8 0
union(5,7)
0 1 2 3 4 5 6 7 8 9
0 2 2 4 4 8 6 2 2 0
union(0,3)
0 1 2 3 4 5 6 7 8 9
4 2 2 4 4 8 6 2 2 0
union(4,2)
0 1 2 3 4 5 6 7 8 9
0 1 2 3 4 5 6 7 8 9
union(9,0)
0 1 2 3 4 5 6 7 8 9
0 1 2 3 4 5 6 7 8 0
union(3,4)
0 1 2 3 4 5 6 7 8 9
0 1 2 3 3 5 6 7 8 0
union(5,8)
0 1 2 3 4 5 6 7 8 9
0 1 2 3 3 5 6 7 5 0
union(7,2)
0 1 2 3 4 5 6 7 8 9
0 1 2 3 3 5 6 2 5 0
union(2,1)
0 1 2 3 4 5 6 7 8 9
0 1 1 3 3 5 6 2 5 0
union(5,7)
0 1 2 3 4 5 6 7 8 9
0 1 1 4 4 8 6 2 1 0
union(0,3)
0 1 2 3 4 5 6 7 8 9
4 1 1 4 4 8 6 2 1 0
union(4,2)
0 1 2 3 4 5 6 7 8 9
4 2 2 4 2 8 6 2 2 0

quick-union path compression
0 1 2 3 4 5 6 7 8 9
0 1 2 3 4 5 6 7 8 9
union(9,0)
0 1 2 3 4 5 6 7 8 9